0.00
0.00
0.00
0.00
0.00
0.00
0.00
0.00
0.00
0.00
0.00
0.10
0.17
0.27
0.48
0.48
0.00
0.48
0.56
0.63
0.94
1.22
1.25
1.24
0.97
1.04
1.14
1.21
1.28
1.53
1.80
1.48
1.58
1.67
1.73
1.84
1.83
1.90
2.00
2.07
2.22
2.53
2.45
2.35
2.45
2.52
2.59
2.63
2.70
2.80
2.87
2.94
2.80
2.59
3.10
3.14
3.24
3.31
3.10
3.49
3.56
3.63
3.66
3.73
3.80
3.90
3.97
4.04
4.14
4.21
4.22
4.32
4.39
4.46
4.56
4.63
4.70
4.80
4.80
4.83
4.63
4.49
5.39
5.70
5.22
5.36
5.15
5.53
5.60
5.63
5.70
5.77
5.88
5.95
6.02
6.12
6.25
6.53
6.29
6.36
6.43
6.53
6.60
6.91
6.74
6.81
6.91
7.18
7.02
7.12
7.19
7.12
6.84
7.19
7.43
7.53
7.60
7.67
7.98
7.82
7.85
7.64
8.06
8.13
8.16
8.22
8.16
8.40
8.47
8.53
8.53
8.71
8.71
8.82
8.89
8.95
9.06
9.13
9.19
9.23
8.95
9.36
9.46
9.53
9.60
9.71
9.77
9.84
9.88
9.95
10.02
10.13
10.19
10.26
10.37
10.43
10.33
10.12
10.12
10.95
11.05
11.54
10.92
11.03
11.06
10.88
10.68
10.81
10.92
11.00
11.07
11.17
11.24
11.27
11.37
11.44
11.51
11.54
11.44
11.23
11.78
11.85
11.92
12.02
12.03
12.10
12.20
12.27
12.37
12.44
12.51
12.61
12.76
13.03
13.10
12.34
12.93
13.03
13.10
13.17
13.20
13.27
13.34
13.44
13.51
13.61
13.68
13.75
13.79
13.86
13.93
14.03
14.10
14.17
14.27
14.17
13.96
14.44
14.51
14.58
14.68
14.75
14.82
14.86
15.14
15.41
15.72
15.13
15.17
14.96
14.93
15.48
15.55
15.61
15.38
15.93
16.21
15.93
15.97
16.03
16.14
16.41
16.20
16.30
16.37
16.44
16.75
16.45
16.24
16.76
16.73
16.90
17.00
17.07
17.27
17.21
17.27
17.21
17.41
17.48
17.58
17.65
17.72
17.82
17.87
17.94
18.00
18.07
18.14
18.24
18.31
18.38
18.41
18.62
18.55
18.65
18.73
18.83
18.90
18.97
19.04
19.11
19.18
19.28
19.42
19.70
19.45
19.51
19.56
19.66
19.73
19.80
19.90
19.97
20.04
20.28
19.79
19.59
20.24
20.34
20.41
20.52
20.56
20.46
20.69
20.76
20.62
20.90
20.97
21.04
21.04
21.14
20.93
21.07
21.14
21.18
21.25
21.32
21.42
21.49
21.56
21.66
21.73
21.76
21.83
21.90
22.00
22.07
22.14
22.21
22.18
21.97
22.45
22.76
23.03
22.66
22.73
22.80
22.90
22.90
22.97
23.07
23.11
23.18
23.25
23.35
23.42
23.52
23.56
23.63
23.73
23.76
23.83
23.69
23.48
24.07
24.17
24.24
24.25
24.35
24.42
24.52
24.42
24.21
24.59
24.76
24.83
24.73
25.01
25.08
25.19
25.25
25.32
25.63
25.91
26.19
25.61
25.64
25.43
25.85
25.91
26.02
25.95
26.09
26.22
26.53
26.81
26.44
26.51
26.57
26.81
26.71
26.78
26.88
26.95
26.95
26.74
27.15
27.22
27.27
27.33
27.40
27.23
27.57
27.64
27.75
27.74
27.81
27.91
27.98
28.05
28.13
28.20
28.30
28.37
28.44
28.54
28.61
28.61
28.67
28.78
28.60
28.40
29.02
29.09
29.16
29.20
29.27
29.34
29.40
29.51
29.58
29.68
29.61
29.40
29.81
29.91
29.98
30.05
30.17
30.24
30.34
30.41
30.48
30.79
31.06
31.34
30.76
30.83
30.90
31.00
31.28
31.10
31.17
31.25
31.32
31.14
30.94
31.45
31.66
31.73
31.72
31.69
31.90
31.79
32.07
32.14
32.21
32.31
32.35
32.32
32.52
32.59
32.59
32.66
32.76
32.83
32.90
33.00
33.07
33.17
33.24
33.25
33.35
33.39
33.18
33.59
33.72
34.00
34.31
33.87
33.90
33.69
34.11
34.17
34.22
34.29
34.42
34.46
34.53
34.59
34.70
34.77
34.80
34.87
34.83
34.62
35.11
35.17
35.28
35.35
35.35
35.46
35.53
35.59
35.70
35.77
35.84
35.87
35.93
36.00
36.11
36.17
36.24
36.35
36.62
36.90
36.94
36.18
36.66
36.77
36.83
36.90
37.14
37.42
37.14
37.21
37.21
36.94
37.39
37.39
37.53
37.63
37.70
37.80
37.80
37.87
38.04
38.04
38.11
38.21
38.29
38.39
38.39
38.46
38.56
38.63
38.63
38.42
38.87
38.87
38.98
38.98
38.77
39.43
39.71
39.98
39.43
39.49
39.56
39.67
39.74
39.77
39.83
39.63
39.49
40.07
40.16
40.26
40.25
40.32
40.43
40.57
40.84
41.12
40.73
40.80
40.91
40.91
40.98
40.95
40.74
41.19
41.29
41.36
41.43
41.36
41.60
41.67
41.66
41.77
41.84
41.95
42.02
42.09
42.19
42.26
41.98
42.43
42.71
42.98
42.56
42.87
42.53
42.80
42.87
42.94
43.04
43.12
43.12
43.22
43.29
43.36
43.46
43.53
43.60
43.70
43.70
43.78
43.88
43.95
44.06
44.33
44.61
44.26
44.29
44.09
43.88
44.49
44.56
44.67
44.74
44.74
44.54
44.99
45.09
45.09
45.16
45.26
45.33
45.40
45.50
45.57
45.58
45.51
45.30
45.64
45.92
45.99
46.06
46.16
46.16
46.22
46.33
46.40
46.61
46.92
47.20
46.70
46.81
46.91
46.44
46.99
47.06
47.16
47.36
47.26
47.36
47.43
47.50
47.60
47.61
47.74
47.81
47.89
47.78
47.57
48.06
48.12
48.23
48.30
48.33
48.05
48.54
48.85
48.78
48.72
48.82
48.75
49.02
48.95
49.06
49.12
49.26
49.26
49.33
49.43
49.5