0.00
0.21
0.21
0.86
0.27
0.61
0.92
1.12
1.40
1.64
1.91
2.19
2.50
2.70
2.98
3.23
3.51
3.74
4.02
4.30
4.23
4.75
5.02
5.30
5.61
5.81
6.12
6.34
6.62
6.68
7.13
7.41
7.47
7.92
8.17
8.45
8.72
8.82
9.24
9.51
9.82
10.10
10.37
10.69
10.96
11.24
11.31
11.51
11.82
12.09
12.31
12.62
12.82
13.10
13.41
13.47
13.47
14.14
14.41
14.62
14.93
15.20
15.42
15.73
15.93
16.21
16.52
16.72
17.00
17.18
17.18
17.73
18.04
18.32
18.55
18.83
19.04
19.35
19.42
19.83
20.11
20.35
20.62
20.87
21.15
21.43
21.66
21.94
22.22
22.42
22.69
22.97
23.22
23.29
23.21
24.01
24.28
24.50
24.74
24.67
24.67
25.39
25.66
25.98
25.91
26.05
26.12
26.26
26.39
26.60
26.77
26.92
27.19
27.39
27.60
27.98
28.18
28.49
28.71
28.99
29.22
29.50
29.78
30.01
30.29
30.50
30.75
30.75
31.40
31.68
31.95
32.27
32.54
32.82
33.09
33.40
33.68
33.99
34.27
34.54
34.85
34.68
34.71
35.19
35.47
35.75
35.99
36.27
36.47
36.78
36.99
37.26
37.57
37.79
38.07
38.20
38.20
38.86
39.09
39.37
39.58
39.90
40.10
40.37
40.69
40.89
41.16
41.41
41.69
42.00
42.20
42.48
42.72
42.99
43.21
43.52
43.80
44.00
44.31
44.51
44.79
45.10
45.31
45.59
45.83
46.10
46.31
46.62
46.89
47.11
47.42
47.62
47.90
48.21
48.41
48.69
48.94
49.21
49.45
49.73
50.00
50.24
50.52
50.79
51.01
51.28
51.56
51.80
52.07
52.35
52.66
52.94
53.21
53.52
53.80
54.11
54.39
54.66
54.97
55.25
55.53
55.84
55.67
55.95
56.26
56.46
56.74
56.98
57.25
57.47
57.78
58.05
58.26
58.57
58.77
59.05
59.36
59.57
59.85
60.09
60.36
60.57
60.88
61.15
61.40
61.68
61.88
62.16
62.47
62.67
62.98
63.20
63.47
63.71
63.99
64.26
64.50
64.78
64.99
65.30
65.58
65.68
65.68
65.61
66.57
66.79
66.89
66.89
67.61
67.89
68.09
68.40
68.68
68.89
69.20
69.41
69.68
69.92
70.20
70.47
70.72
71.00
71.20
71.51
71.62
71.54
72.30
72.52
72.83
73.03
73.31
73.58
73.83
74.11
74.10
74.62
74.90
75.14
75.41
75.63
75.94
76.14
76.42
76.73
76.93
77.03
77.46
77.73
77.94
78.25
78.52
78.76
79.04
79.25
79.56
79.84
80.04
80.35
80.55
80.83
81.14
81.36
81.63
81.94
82.22
82.53
82.81
83.08
83.39
83.67
83.95
84.26
84.53
84.81
85.12
85.40
85.67
85.98
85.73
86.05
86.32
86.54
86.85
87.05
87.33
87.64
87.84
88.12
88.19
88.19
88.12
89.08
89.40
89.60
89.87
90.12
90.40
90.71
90.91
90.91
90.98
91.12
91.92
92.23
92.51
92.71
93.02
93.22
93.50
93.81
94.02
94.30
94.54
94.61
94.91
95.33
95.60
95.82
96.13
96.33
96.64
96.92
97.12
97.43
97.65
97.92
98.16
98.44
98.71
98.95
99.23
99.44
99.75
100.00
99.99
99.99
99.99
99.99
99.99
99.99
99.99
99.99
99.99
99.99
99.99
99.99
99.99
99.99
99.99
99.99
99.99
99.99
99.99
99.99
99.99
99.99
99.99
99.99
99.99
99.99
99.99
99.99
99.99
99.99
99.99
99.99
99.99
99.99
99.99
99.99
99.99
99.99
99.99
99.99
99.99
99.99
99.99
99.99
99.99
99.99
99.99
99.99
99.99
99.99
99.99
99.99
99.99
99.99
99.99
99.99
99.99
99.99
99.99
99.99
99.99
99.99
99.99
99.99
99.99
99.99
99.99
99.99
99.99
99.99
99.99
99.99
99.99
99.99
99.99
99.99
99.99
99.99
99.99
99.99
99.99
99.99
99.99
99.99
99.99
99.99
99.99
99.99
99.99
99.99
99.99
99.99
99.99
99.99
99.99
99.99
99.99
99.99
99.99
99.99
99.99
99.99
99.99
99.99
99.99
99.99
99.99
99.99
99.99
99.99
99.99
99.99
99.99
99.99
99.99
99.99
99.99
99.99
99.99
99.99
99.99
99.99
99.99
99.99
99.99
99.99
99.99
99.99
99.99
99.99
99.99
99.99
99.99
99.99
99.99
99.99
99.99
99.99
99.99
99.99
99.99
99.99
99.99
99.99
99.99
99.99
99.99
99.99
99.99
99.99
99.99
99.99
99.99
99.99
99.99
99.99
99.99
99.99
99.99
99.99
99.99
99.99
99.99
99.99
99.99
99.99
99.99
99.99
99.99
99.99
99.99
99.99
99.99
99.99
99.99
99.99
99.99
99.99
99.99
99.99
99.99
99.99
99.99
99.99
99.99
99.99
99.99
99.99
99.99
99.99
99.99
99.99
99.99
99.99
99.99
99.99
99.99
99.99
99.99
99.99
99.99
99.99
99.99
99.99
99.99
99.99
99.99
99.99
99.99
99.99
99.99
99.99
99.99
99.99
99.99
99.99
99.99
99.99
99.99
99.99
99.99
99.99
99.99
99.99
99.99
99.99
99.99
99.99
99.99
99.99
99.99
99.99
99.99
99.99
99.99
99.99
99.99
99.99
99.99
99.99
99.99
99.99
99.99
99.99
99.99
99.99
99.99
99.99
99.99
99.99
99.99
99.99
99.99
99.99
99.99
99.99
99.99
99.99
99.99
99.99
99.99
99.99
99.99
99.99
99.99
99.99
99.99
99.99
99.99
99.99
99.99
99.99
99.99
99.99
99.99
99.99
99.99
99.99
99.99
99.99
99.99
99.99
99.99
99.99
99.99
99.99
99.99
99.99
99.99
99.99
99.99
99.99
99.99
99.99
99.99
99.99
99.99
99.99
99.99
99.99
99.99
99.99
99.99
99.99
99.99
99.99
99.99
99.99
99.99
99.99
99.99
99.99
99.99
99.99
99.99
99.99
99.99
99.99
99.99
99.99
99.99
99.99
99.99
99.99
99.99
99.99
99.99
99.99
99.99
99.99
99.99
99.99
99.99
99.99
99.99
99.99
99.99
99.99
99.99
99.99
99.99
99.99
99.99
99.99
99.99
99.99
99.99
99.99
99.99
99.99
99.99
99.99
99.99
99.99
99.99
99.99
99.99
99.99
99.99
99.99
99.99
99.99
99.99
99.99
99.99
99.99
99.99
99.99
99.99
99.99
99.99
99.99
99.99
99.99
99.99
99.99
99.99
99.99
99.99
99.99
99.99
99.99
99.99
99.99
99.99
99.99
99.99
99.99
99.99
99.99
99.99
99.99
99.99
99.99
99.99
99.99
99.99
99.99
99.99
99.99
99.99
99.99
99.99
99.99
99.99
99.99
99.99
99.99
99.99
99.99
99.99
99.99
99.99
99.99
99.99
99.99
99.99
99.99
99.99
99.99
99.99
99.99
99.99
99.99
99.99
99.99
99.99
99.99
99.99
99.99
99.99
99.99
99.99
99.99
99.99
99.99
99.99
99.99
99.99
99.99
99.99
99.99
99.99
99.99
99.99
99.99
99.99
99.99
99.99
99.99
99.99
99.99
99.99
99.99
99.99
99.99
99.99
99.99
99.99
99.99
99.99
99.99
99.99
99.99
99.99
99.99
99.99
99.99
99.99
99.99
99.99
99.99
99.99
99.99
99.99
99.99
99.99
99.99
99.99
99.99
99.99
99.99
99.99
99.99
99.99
99.99
99.99
99.99
99.99
99.99
99.99
99.99
99.99
99.99
99.99
99.99
99.99
99.99
99.99
99.99
99.99
99.99
99.99
99.99
99.99
99.99
99.99
99.99
99.99
99.99
99.99
99.99
99.99
99.99
99.99
99.99
99.99
99.99
99.99
99.99
99.99
99.99
99.99
99.99
99.99
99.99
99.99
99.99
99.99
99.99
99.99
99.99
99.99
99.99
99.99
99.99
99.99
99.99
99.99
99.99
99.99
99.99
99.99
99.99
99.99
99.99
99.99
99.99
99.99
99.99
99.99
99