0.00
0.00
0.00
0.00
0.00
0.00
0.00
0.00
0.00
0.00
0.00
0.00
0.00
0.00
0.00
0.00
0.00
0.04
0.09
0.09
0.08
0.19
0.19
0.19
0.50
0.02
0.00
0.37
0.29
0.60
0.40
0.40
0.39
0.43
0.50
0.50
0.53
0.54
0.60
0.63
0.85
0.67
0.70
0.71
0.78
0.64
0.36
0.85
0.92
0.91
0.94
0.95
1.02
1.05
1.26
1.05
1.12
1.13
1.26
1.22
1.22
1.23
1.26
1.33
1.33
1.36
1.36
1.08
1.47
1.47
1.46
1.56
1.57
1.36
1.67
1.68
1.67
1.70
1.77
1.78
1.81
1.82
1.81
1.92
1.98
2.15
2.46
2.02
2.05
2.05
2.05
2.15
2.16
2.16
2.19
2.26
2.23
2.33
2.32
2.33
2.36
2.64
2.95
2.51
2.43
2.15
1.88
2.61
2.64
2.64
2.64
2.88
2.71
2.71
2.81
2.81
2.85
2.85
2.91
2.91
2.95
2.95
3.05
2.92
2.64
3.08
3.15
3.16
3.26
3.54
3.23
3.47
3.33
3.34
3.37
3.51
3.43
3.47
3.47
3.46
3.57
3.57
3.57
3.61
3.89
3.47
3.19
3.71
3.71
3.81
3.82
3.85
3.74
3.53
3.92
3.95
4.02
4.01
4.06
4.33
4.12
4.13
3.98
4.23
4.23
4.23
4.33
4.33
4.33
4.36
4.36
4.44
4.47
4.47
4.47
4.58
4.57
4.57
4.61
4.68
4.67
4.72
4.71
4.78
4.81
5.09
5.36
4.88
4.92
4.92
4.78
4.57
5.03
4.99
4.78
5.12
5.13
5.19
5.19
5.20
5.26
5.26
5.40
5.71
5.33
5.40
5.44
5.43
5.37
5.10
5.58
5.57
5.60
5.61
5.68
5.71
5.72
5.71
5.82
5.81
5.82
5.85
5.86
5.89
5.61
5.95
5.88
6.06
6.06
6.09
6.13
6.20
6.48
6.68
6.29
6.28
6.38
6.34
6.35
6.45
6.38
6.11
6.56
6.55
6.55
6.55
6.66
6.65
6.65
6.69
6.76
6.79
6.80
6.79
6.86
6.89
6.90
6.89
7.00
7.00
7.00
7.07
7.07
7.07
7.17
7.17
7.18
7.21
7.27
7.27
7.52
7.80
7.31
7.49
7.46
7.46
7.52
7.59
7.56
7.59
7.59
7.69
7.70
7.70
7.63
7.36
7.77
8.00
7.88
7.87
7.87
7.97
7.98
7.97
8.15
8.01
8.11
8.11
8.12
8.22
7.97
7.69
8.43
8.32
8.28
8.18
8.18
8.39
8.62
8.46
8.53
8.56
8.55
8.56
8.49
8.28
8.67
8.70
8.56
8.80
8.80
8.80
8.64
8.84
8.91
8.94
9.01
9.28
9.04
9.04
9.05
9.11
9.08
9.15
9.04
9.25
9.25
9.29
9.28
9.29
9.39
9.39
9.42
9.46
9.46
9.45
9.32
9.57
9.56
9.59
9.66
9.67
9.70
9.46
9.81
9.80
9.80
9.87
9.87
9.87
9.94
9.98
9.97
10.07
10.25
10.01
10.11
10.12
10.19
10.22
10.14
10.01
10.32
10.32
10.33
10.36
10.43
10.28
10.46
10.57
10.84
10.57
10.64
10.60
10.42
10.63
10.70
10.73
10.74
10.74
10.77
10.83
10.84
10.87
10.88
10.95
10.98
10.97
11.02
11.08
11.08
11.11
11.12
11.19
11.22
11.22
11.22
11.29
11.29
11.36
11.08
10.80
11.39
11.46
11.49
11.50
11.50
11.60
11.60
11.60
11.63
11.56
11.90
12.22
11.73
11.80
11.77
12.18
11.87
11.88
11.95
11.94
11.98
12.05
12.05
12.08
12.09
12.15
12.18
12.33
12.22
12.29
12.25
12.35
12.36
12.36
12.40
12.47
12.46
12.49
12.50
12.57
12.60
12.67
12.94
12.63
12.70
12.47
12.19
12.70
12.66
12.40
12.11
11.85
11.64
11.36
11.21
11.32
11.29
11.28
11.39
11.40
11.39
11.42
11.43
11.50
11.39
11.33
12.02
11.56
11.63
11.88
11.70
11.70
11.71
11.81
11.80
11.81
11.92
11.91
11.91
11.95
11.94
12.05
12.04
12.05
12.08
12.15
12.16
12.19
12.18
12.25
12.02
11.74
12.30
12.40
12.39
12.42
12.70
12.98
12.49
12.32
12.63
12.56
12.60
12.66
12.71
12.70
12.71
12.81
12.81
12.80
12.85
12.91
12.77
12.49
12.81
13.02
13.05
13.05
13.05
13.29
13.56
13.67
13.18
13.19
13.26
13.29
13.29
13.33
13.40
13.39
13.42
13.43
13.50
13.53
13.54
13.53
13.64
13.63
13.64
13.53
13.32
13.74
13.77
13.92
14.19
14.05
13.77
13.53
14.16
13.95
14.05
14.04
14.09
14.12
14.11
14.12
14.22
14.22
14.23
14.26
14.33
14.32
14.36
14.36
14.35
14.47
14.75
14.42
14.50
14.57
14.57
14.60
14.60
14.67
14.70
14.74
14.74
14.77
14.78
14.78
14.50
14.22
14.88
14.99
14.98
15.01
15.06
15.33
15.64
15.12
15.12
15.19
15.22
15.23
15.26
15.33
15.54
15.36
15.36
15.43
15.47
15.46
15.46
15.77
15.53
15.60
15.63
15.64
15.64
15.37
15.12
15.67
15.74
15.78
15.78
15.77
15.81
15.54
16.16
15.91
15.99
15.95
16.05
16.05
16.09
16.08
16.36
16.16
16.23
16.22
16.26
16.33
16.61
16.33
16.40
16.40
16.43
16.44
16.50
16.53
16.53
16.54
16.64
16.64
16.68
16.71
16.71
16.54
16.33
16.81
16.81
16.85
16.92
16.91
16.98
16.82
16.53
16.77
17.08
17.09
17.12
17.13
17.12
17.23
17.22
17.23
17.26
17.33
17.33
17.36
17.29
17.08
17.47
17.47
17.50
17.57
17.57
17.37
17.63
17.68
17.71
17.70
17.71
17.75
17.47
17.82
17.85
17.92
17.91
17.95
17.95
18.05
18.05
18.06
18.09
18.09
18.16
18.19
18.19
18.20
18.30
18.29
18.30
18.30
18.09
17.81
18.44
18.51
18.50
18.53
18.54
18.61
18.60
18.65
18.64
18.74
18.95
19.22
18.78
18.85
18.85
18.96
18.88
18.60
18.99
19.02
19.02
19.12
19.13
19.12
19.17
19.16
19.23
19.26
19.27
19.26
19.37
19.37
19.37
19.40
19.47
19.51
19.51
19.50
19.58
19.62
19.69
19.72
19.72
19.73
19.83
19.82
19.83
19.86
19.93
19.82
19.55
19.96
19.97
20.07
20.11
20.10
20.14
20.14
20.17
20.20
20.21
20.28
20.31
20.07
19.79
20.31
20.41
20.45
20.45
20.52
20.56
20.55
20.55
20.65
20.66
20.65
20.48
20.75
20.89
21.21
21.48
20.87
20.90
20.90
20.90
21.00
21.00
21.21
21.52
21.07
21.08
21.18
21.17
21.22
21.21
21.28
21.31
21.32
21.35
21.38
21.25
21.04
21.49
21.48
21.56
21.87
21.83
21.60
21.63
21.69
21.69
21.73
21.73
21.80
21.84
21.83
21.83
21.93
21.73
21.45
21.97
22.05
22.08
22.07
22.08
22.15
22.14
22.04
22.25
22.07
22.24
22.42
22.70
22.97
22.39
22.39
22.46
22.48
22.49
22.49
22.56
22.28
22.59
22.62
22.84
23.15
22.77
22.91
22.80
22.80
22.87
22.90
22.91
22.90
22.76
23.15
23.04
22.87
23.07
23.08
23.39
23.18
23.18
23.21
23.36
23.31
23.32
23.32
23.36
23.56
23.42
23.45
23.46
23.53
23.56
23.55
23.56
23.66
23.66
23.67
23.66
23.77
23.76
23.98
23.80
23.87
23.88
23.91
23.90
23.97
23.74
23.45
23.97
24.08
24.08
24.00
24.12
24.18
24.18
24.21
24.28
24.29
24.32
24.32
24.32
24.42
24.63
24.22
24.46
24.52
24.53
24.56
24.56
24.63
24.88
24.87
24.69
24.76
24.77
24.80
24.81
24.88
24.91
24.90
24.91
24.77
24.49
25.01
24.87
25.11
25.11
25.36
25.63
25.14
25.24
25.25
25.25
25.35
25.35
25.39
25.38
25.39
25.46
25.49
25.77
25.43
25.56
25.63
25.62
25.67
25.66
25.73
25.70
25.42
25.76
25.87
25.87
25.87
25.91
25.98
25.98
26.01
25.98
25.70
25.80
26.18
26.49
26.15
26.21
26.26
26.25
26.25
26.35
26.36
26.35
26.40
26.46
26.46
26.35
26.08
26.57
26.60
26.59
26.67
26.66
26.66
26.73
26.59
27.18
27.28
26.88
26.87
26.90
26.91
26.91
27.01
27.02
27.01
27.04
27.11
27.12
27.15
27.22
27.42
27.63
26.91
27.28
27.32
27.32
27.15
27.43
27.46
27.46
27.50
27.57
27.56
27.59
27.60
27.67
27.70
27.70
27.70
27.81
27.73
27.46
27.84
27.83
27.90
27.95
27.94
27.81
27.64
28.05
27.94
28.09
28.29
28.60
28.80
28.26
28.19
28.29
28.29
28.32
28.39
28.39
28.49
28.77
28.49
28.54
28.53
28.60
28.63
28.53
28.25
28.66
28.74
28.74
28.77
28.84
28.74
28.87
28.87
28.94
28.98
28.98
28.98
29.09
29.18
29.46
29.16
29.12
28.98
29.25
29.53
29.80
29.98
29.98
30.04
30.09
30.08
30.09
30.19
30.19
30.18
29.91
30.50
30.29
30.36
30.36
30.39
30.39
30.46
30.46
30.29
30.53
30.57
30.77
30.49
30.64
30.77
30.67
30.71
30.57
30.67
30.80
31.08
30.84
30.87
30.94
30.95
30.98
30.99
31.09
31.08
31.08
31.12
31.19
31.19
31.23
31.22
31.29
31.60
31.33
31.33
31.43
31.42
31.43
31.46
31.47
31.54
31.57
31.56
31.63
31.67
31.74
31.88
31.26
31.05
31.74
31.84
31.77
31.84
31.87
31.88
31.88
31.98
31.99
31.98
32.01
32.08
32.09
32.12