0.00
0.00
0.00
0.02
0.09
0.29
0.53
0.75
0.95
1.19
1.26
1.19
1.12
2.02
2.23
2.46
2.68
2.88
3.12
3.33
3.54
3.77
4.05
4.33
4.64
4.61
4.81
5.06
5.26
5.47
5.72
5.92
6.16
6.37
6.57
6.81
6.95
7.16
7.41
7.61
7.81
8.06
8.27
8.47
8.72
8.92
9.20
9.51
9.58
9.58
9.99
10.16
10.38
10.61
10.82
11.03
11.27
11.47
11.69
11.92
12.14
12.42
12.73
13.00
13.00
13.24
13.45
13.65
13.89
14.17
14.24
14.42
14.34
14.27
15.11
15.31
15.51
15.76
15.96
16.17
16.42
16.62
16.56
16.66
17.24
17.28
17.69
17.89
18.11
18.35
18.55
18.77
19.00
19.21
19.42
19.66
19.86
20.08
20.31
20.52
20.77
20.97
21.17
21.42
21.63
21.77
22.00
22.22
22.42
22.66
22.88
23.08
23.32
23.53
23.73
23.97
24.19
24.22
24.14
24.84
25.01
25.25
25.46
25.42
25.90
26.12
26.32
26.35
26.70
26.90
27.15
27.36
27.59
27.81
28.01
28.25
28.46
28.67
28.92
29.12
29.32
29.57
29.77
29.98
30.23
30.43
30.63
30.88
31.09
31.32
31.54
31.67
31.92
32.02
31.94
31.88
32.78
32.98
33.29
33.57
33.84
34.15
34.43
34.71
35.02
35.09
35.60
35.20
35.40
35.61
35.85
36.05
36.30
36.51
36.65
36.85
37.09
37.30
37.51
37.74
37.96
38.16
38.40
38.62
38.82
39.06
39.27
39.51
39.78
40.06
40.37
40.65
40.92
40.78
41.00
41.20
41.23
41.17
41.86
42.02
42.27
42.48
42.71
42.72
43.13
43.37
43.59
43.79
44.03
44.17
44.37
44.38
44.82
45.04
45.28
45.48
45.69
45.93
46.13
46.35
46.59
46.79
47.00
47.24
47.45
47.66
47.90
48.10
48.35
48.55
48.76
49.01
49.14
49.35
49.59
49.79
50.01
50.24
50.45
50.39
50.31
51.10
51.32
51.56
51.77
51.97
52.21
52.43
52.46
52.87
53.08
53.32
53.52
53.74
53.90
54.12
54.32
54.56
54.77
54.97
55.21
55.43
55.63
55.87
56.08
56.36
56.67
56.81
56.81
57.53
57.81
58.12
58.40
58.01
58.25
58.47
58.67
58.91
59.12
59.32
59.53
59.47
59.98
59.94
60.43
60.64
60.87
60.95
61.33
61.47
61.67
61.92
62.12
62.33
62.58
62.78
62.98
63.23
63.43
63.64
63.89
64.09
64.33
64.60
64.88
65.19
65.47
65.74
66.05
65.82
65.92
65.85
66.47
66.67
66.92
67.13
67.37
67.34
67.78
67.88
68.24
68.44
68.68
68.82
69.02
69.27
69.47
69.68
69.93
70.13
70.06
70.58
70.78
71.06
71.20
71.40
71.62
71.86
72.06
72.31
72.51
72.71
72.96
73.17
73.37
73.59
73.82
73.92
73.86
74.48
74.75
75.07
75.34
75.62
75.93
76.20
76.00
76.32
76.59
76.62
76.86
77.06
77.28
77.52
77.72
77.97
78.17
78.39
78.62
78.77
78.83
78.76
79.42
79.63
79.86
80.08
80.28
80.52
80.73
81.01
81.32
81.60
81.91
81.81
82.01
82.25
82.46
82.66
82.90
82.91
82.84
83.56
83.77
83.97
84.21
84.22
84.63
84.87
85.08
85.29
85.52
85.74
85.94
86.12
86.39
86.56
86.67
86.60
87.22
87.47
87.67
87.91
88.12
88.32
88.56
88.70
88.91
89.16
89.36
89.56
89.50
89.64
90.25
90.50
90.71
90.91
91.16
91.29
91.50
91.74
91.94
92.16
92.40
92.60
92.82
93.05
93.26
93.51
93.71
93.91
94.16
94.36
94.36
94.30
94.23
95.17
95.37
95.57
95.82
95.95
96.17
96.40
96.61
96.82
97.06
96.99
96.92
97.68
97.88
98.10
98.33
98.51
98.72
98.95
99.17
99.23
99.16
99.82
99.99
99.99
99.99
99.99
99.99
99.99
99.99
99.99
99.99
99.99
99.99
99.99
99.99
99.99
99.99
99.99
99.99
99.99
99.99
99.99
99.99
99.99
99.99
99.99
99.99
99.99
99.99
99.99
99.99
99.99
99.99
99.99
99.99
99.99
99.99
99.99
99.99
99.99
99.99
99.99
99.99
99.99
99.99
99.99
99.99
99.99
99.99
99.99
99.99
99.99
99.99
99.99
99.99
99.99
99.99
99.99
99.99
99.99
99.99
99.99
99.99
99.99
99.99
99.99
99.99
99.99
99.99
99.99
99.99
99.99
99.99
99.99
99.99
99.99
99.99
99.99
99.99
99.99
99.99
99.99
99.99
99.99
99.99
99.99
99.99
99.99
99.99
99.99
99.99
99.99
99.99
99.99
99.99
99.99
99.99
99.99
99.99
99.99
99.99
99.99
99.99
99.99
99.99
99.99
99.99
99.99
99.99
99.99
99.99
99.99
99.99
99.99
99.99
99.99
99.99
99.99
99.99
99.99
99.99
99.99
99.99
99.99
99.99
99.99
99.99
99.99
99.99
99.99
99.99
99.99
99.99
99.99
99.99
99.99
99.99
99.99
99.99
99.99