0.00
0.00
0.00
0.00
0.00
0.04
0.19
0.36
0.50
0.57
0.74
0.74
1.40
1.67
1.74
1.50
1.65
1.79
1.95
2.09
2.24
2.34
2.51
2.65
2.82
2.95
3.10
3.20
3.31
3.16
3.65
3.79
3.92
4.09
4.24
4.38
4.54
4.68
4.83
4.93
5.06
5.20
5.38
5.51
5.78
6.09
6.37
6.65
6.20
6.42
6.58
6.65
6.79
6.97
7.10
7.37
7.68
7.96
7.69
7.86
8.00
8.13
8.31
8.38
8.52
8.69
8.83
8.97
9.13
9.28
9.42
9.34
9.21
9.86
9.99
10.07
10.20
10.38
10.52
10.65
10.83
10.97
11.10
11.28
11.42
11.51
11.31
11.17
11.94
12.10
12.24
12.38
12.56
12.69
12.83
13.01
13.14
13.28
13.38
13.49
13.34
13.83
13.97
14.14
14.28
14.42
14.60
14.73
14.87
15.05
15.11
15.24
15.42
15.60
15.73
15.83
15.73
15.60
16.28
16.42
16.56
16.73
16.87
17.05
17.18
17.32
17.49
17.56
17.70
17.87
17.80
17.67
18.32
18.46
18.60
18.45
18.91
19.05
19.21
19.28
19.42
19.60
19.80
20.08
20.39
20.67
20.70
20.50
20.67
20.80
20.92
20.84
21.19
21.37
21.50
21.67
21.82
21.91
22.05
22.30
22.58
22.85
23.13
22.51
22.98
23.09
23.23
23.40
23.53
23.68
23.54
23.98
24.12
24.30
24.37
24.50
24.68
24.82
24.95
25.12
25.27
25.44
25.57
25.71
25.82
25.61
26.09
26.26
26.41
26.54
26.71
26.85
26.98
27.16
27.30
27.43
27.61
27.47
27.85
28.00
28.13
28.38
28.65
28.93
29.24
29.37
29.02
29.20
29.27
29.41
29.54
29.71
29.86
30.03
30.16
30.30
30.45
30.61
30.89
31.16
31.00
31.13
31.13
31.00
31.58
31.75
31.89
32.04
32.20
32.34
32.48
32.65
32.72
32.86
33.03
33.16
33.31
33.48
33.61
33.79
33.93
34.06
34.24
34.31
34.45
34.59
34.75
34.90
35.07
35.20
35.27
35.14
35.07
35.96
36.24
36.55
36.17
36.31
36.49
36.62
36.76
36.86
37.00
37.17
37.31
37.45
37.63
37.76
37.90
38.04
38.17
38.31
38.49
38.63
38.76
38.94
39.08
39.21
39.31
39.45
39.63
39.76
39.90
40.08
40.21
40.35
40.49
40.63
40.76
40.94
41.08
41.21
41.38
41.53
41.66
41.76
41.90
42.08
42.22
42.35
42.53
42.67
42.80
42.97
43.12
43.24
43.35
43.49
43.63
43.80
43.94
44.08
44.26
44.39
44.53
44.70
44.83
44.98
45.08
45.22
45.42
45.56
45.71
45.87
45.94
46.08
46.26
46.39
46.53
46.71
46.83
46.98
47.15
47.28
47.56
47.87
48.15
48.42
47.98
48.12
48.26
48.42
48.57
48.71
48.87
49.01
49.16
49.26
49.39
49.53
49.71
49.85
49.98
50.16
50.30
50.43
50.60
50.75
50.87
50.98
51.12
51.26
51.43
51.57
51.71
51.89
52.02
52.19
52.09
51.95
52.61
52.40
52.26
52.12
51.98
51.85
51.77
51.64
51.47
51.33
51.19
51.05
51.06
51.18
51.36
51.47
51.61
51.74
51.91
52.19
52.47
52.78
52.92
52.92
52.10
52.92
53.06
53.16
53.30
53.43
53.61
53.75
53.88
54.02
54.16
54.31
54.47
54.61
54.75
54.92
55.06
55.20
55.38
55.51
55.58
55.75
55.90
56.02
56.20
56.27
56.13
55.99
56.45
56.92
57.10
57.24
57.34
57.48
57.61
57.76
57.93
58.06
58.14
58.00
58.51
58.58
58.83
58.90
59.06
59.20
59.35
59.55
59.69
59.51
59.93
60.06
60.20
60.38
60.41
60.69
60.83
60.97
61.14
61.28
61.42
61.52
61.65
61.79
61.94
62.10
62.32
62.63
62.90
63.18
63.49
63.00
63.07
62.86
63.38
63.52
63.69
63.80
63.66
64.10
64.28
64.48
64.79
65.07
64.80
64.97
65.10
65.24
65.42
65.56
65.69
65.87
66.01
66.14
66.32
66.46
66.56
66.69
66.83
67.01
67.14
67.28
67.46
67.60
67.73
67.91
68.05
68.18
68.28
68.42
68.43
68.28
68.15
68.98
68.97
69.28
69.42
69.59
69.73
69.80
69.98
70.12
70.25
70.42
70.57
70.70
70.87
71.01
71.14
71.39
71.67
71.95
72.26
72.53
72.05
72.18
72.32
72.42
72.57
72.70
72.95
73.05
73.12
73.43
73.71
73.98
73.94
73.74
73.60
73.47
74.15
74.01
73.88
73.73
73.53
73.39
73.36
73.49
73.63
73.81
73.94
73.84
74.26
74.39
74.53
74.63
74.77
74.92
75.08
75.22
75.36
75.53
75.67
75.81
75.98
76.12
76.26
76.36
76.57
76.84
77.15
77.43
77.15
77.22
77.36
77.53
77.67
77.81
77.99
77.84
77.71
78.44
78.57
78.71
78.81
78.95
79.08
79.19
79.06
79.53
79.71
79.85
79.99
80.16
80.30
80.44
80.47
80.33
80.85
80.99
81.12
81.30
81.44
81.57
81.50
81.95
82.22
82.53
82.81
82.44
82.68
82.75
82.89
82.99
83.12
83.26
83.44
83.58
83.74
83.89
84.03
84.19
84.33
84.48
84.58
84.71
84.85
85.03
84.92
84.78
85.44
85.58
85.71
85.89
86.03
86.16
86.09
86.61
86.89
87.13
86.89
87.07
87.19
87.34
87.51
87.64
87.78
87.89
88.03
88.17
88.34
88.48
88.62
88.78
88.68
89.13
89.44
89.65
89.55
89.62
89.75
90.00
90.10
90.23
90.41
90.48
90.62
90.78
90.93
91.07
91.25
91.37
91.52
91.69
91.82
92.00
92.07
92.21
92.37
92.52
92.66
92.79
92.72
92.59
93.21
93.41
93.42
93.73
93.93
94.21
94.52
94.25
94.38
94.55
94.70
94.82
95.00
95.14
95.27
95.39
95.52
95.66
95.84
95.97
96.11
96.28
96.41
96.56
96.73
96.86
96.80
96.59
97.25
97.38
97.56
97.70
97.63
98.00
98.15
98.29
98.45
98.59
98.80
99.11
99.38
99.66
99.32
99.42
99.59
99.73
99.88
100.00
99.99
99.99
99.99
99.99
99.99
99.99
99.99
99.99
99.99
99.99
99.99
99.99
99.99
99.99
99.99
99.99
99.99
99.99
99.99
99.99
99.99
99.99
99.99
99.99
99.99
99.99
99.99
99.99
99.99
99.99
99.99
99.99
99.99
99.99
99.99
99.99
99.99
99.99
99.99
99.99
99.99
99.99
99.99
99.99
99