0.00
0.00
0.00
0.00
0.00
0.00
0.00
0.00
0.00
0.00
0.00
0.00
0.00
0.00
0.00
0.00
0.00
0.00
0.00
0.04
0.00
0.00
0.00
0.00
0.00
0.00
0.00
0.29
0.00
0.00
0.00
0.00
0.01
0.00
0.00
0.00
0.01
0.00
0.00
0.01
0.00
0.00
0.01
0.00
0.00
0.01
0.01
0.18
0.46
0.00
0.00
0.00
0.04
0.00
0.00
0.04
0.00
0.00
0.00
0.01
0.00
0.00
0.00
0.00
0.01
0.01
0.00
0.00
0.00
0.00
0.00
0.04
0.00
0.00
0.01
0.04
0.00
0.00
0.01
0.00
0.00
0.04
0.00
0.00
0.04
0.00
0.00
0.08
0.29
0.29
0.01
0.01
0.01
0.04
0.00
0.00
0.01
0.00
0.01
0.04
0.00
0.00
0.01
0.01
0.01
0.00
0.01
0.01
0.01
0.01
0.04
0.04
0.00
0.01
0.01
0.01
0.04
0.01
0.01
0.04
0.00
0.00
0.01
0.01
0.01
0.04
0.00
0.00
0.00
0.00
0.00
0.01
0.01
0.01
0.04
0.00
0.00
0.01
0.01
0.04
0.04
0.00
0.01
0.01
0.01
0.04
0.04
0.25
0.56
0.04
0.04
0.07
0.08
0.00
0.07
0.03
0.08
0.07
0.14
0.42
0.00
0.03
0.04
0.00
0.04
0.07
0.21
0.00
0.07
0.04
0.03
0.00
0.07
0.07
0.04
0.03
0.04
0.00
0.28
0.04
0.08
0.07
0.10
0.04
0.03
0.07
0.07
0.08
0.28
0.04
0.04
0.07
0.08
0.07
0.11
0.07
0.07
0.11
0.31
0.00
0.00
0.04
0.04
0.00
0.04
0.04
0.07
0.07
0.07
0.04
0.03
0.00
0.00
0.07
0.11
0.03
0.04
0.21
0.48
0.04
0.07
0.08
0.07
0.10
0.04
0.04
0.04
0.14
0.42
0.04
0.08
0.07
0.10
0.04
0.03
0.04
0.07
0.08
0.07
0.04
0.04
0.03
0.08
0.07
0.08
0.04
0.04
0.04
0.03
0.08
0.07
0.11
0.04
0.04
0.04
0.07
0.08
0.07
0.04
0.04
0.04
0.00
0.00
0.00
0.00
0.03
0.10
0.38
0.69
0.07
0.04
0.07
0.07
0.11
0.00
0.00
0.42
0.08
0.07
0.10
0.04
0.03
0.07
0.07
0.08
0.11
0.18
0.45
0.04
0.04
0.03
0.00
0.00
0.08
0.03
0.04
0.07
0.38
0.04
0.03
0.08
0.07
0.21
0.07
0.07
0.11
0.18
0.08
0.11
0.04
0.04
0.08
0.07
0.07
0.04
0.24
0.04
0.07
0.07
0.08
0.04
0.04
0.07
0.08
0.07
0.10
0.04
0.03
0.00
0.00
0.00
0.00
0.17
0.45
0.00
0.00
0.00
0.00
0.03
0.03
0.00
0.00
0.00
0.00
0.00
0.00
0.00
0.00
0.00
0.00
0.00
0.00
0.00
0.00
0.00
0.00
0.00
0.00
0.00
0.00
0.00
0.00
0.00
0.00
0.00
0.00
0.00
0.00
0.00
0.00
0.00
0.00
0.00
0.00
0.00
0.00
0.00
0.00
0.00
0.00
0.00
0.00
0.00
0.00
0.00
0.00
0.00
0.00
0.00
0.00
0.00
0.00
0.00
0.00
0.00
0.00
0.00
0.00
0.00
0.00
0.00
0.00
0.00
0.00
0.00
0.00
0.00
0.00
0.00
0.00
0.00
0.00
0.08
0.00
0.00
0.00
0.00
0.00
0.00
0.00
0.00
0.00
0.00
0.00
0.00
0.15
0.46
0.00
0.00
0.00
0.00
0.00
0.00
0.00
0.08
0.00
0.00
0.00
0.00
0.00
0.00
0.00
0.00
0.00
0.00
0.00
0.00
0.00
0.00
0.00
0.00
0.00
0.00
0.00
0.00
0.00
0.00
0.00
0.00
0.00
0.00
0.00
0.00
0.00
0.00
0.00
0.00
0.00
0.00
0.25
0.36
0.00
0.00
0.00
0.00
0.00
0.00
0.00
0.00
0.00
0.00
0.00
0.04
0.36
0.00
0.00
0.00
0.00
0.00
0.00
0.00
0.00
0.00
0.11
0.00
0.00
0.00
0.00
0.00
0.00
0.00
0.04
0.00
0.00
0.00
0.00
0.00
0.00
0.00
0.00
0.00
0.00
0.00
0.00
0.00
0.22
0.12
0.00
0.00
0.00
0.00
0.00
0.00
0.15
0.00
0.00
0.11
0.00
0.00
0.00
0.00
0.00
0.00
0.00
0.00
0.00
0.00
0.00
0.00
0.00
0.04
0.36
0.00
0.00
0.00
0.00
0.00
0.00
0.00
0.00
0.00
0.00
0.15
0.00
0.00
0.00
0.00
0.00
0.00
0.00
0.00
0.00
0.00
0.00
0.00
0.00
0.00
0.00
0.00
0.00
0.00
0.08
0.39
0.53
0.00
0.15
0.00
0.00
0.11
0.00
0.00
0.00
0.08
0.00
0.00
0.00
0.00
0.00
0.00
0.00
0.00
0.00
0.00
0.00
0.00
0.02
0.00
0.00
0.00
0.00
0.00
0.00
0.00
0.00
0.00
0.00
0.00
0.00
0.00
0.00
0.00
0.00
0.00
0.00
0.00
0.00
0.00
0.00
0.00
0.00
0.00
0.00
0.00
0.00
0.00
0.00
0.00
0.00
0.00
0.09
0.37
0.68
0.01
0.02
0.05
0.05
0.22
0.01
0.04
0.09
0.08
0.02
0.08
0.09
0.01
0.06
0.26
0.00
0.00
0.00
0.00
0.04
0.00
0.00
0.01
0.01
0.01
0.04
0.00
0.00
0.01
0.01
0.01
0.04
0.00
0.00
0.01
0.01
0.01
0.00
0.11
0.39
0.00
0.00
0.00
0.01
0.01
0.01
0.00
0.00
0.01
0.01
0.01
0.04
0.11
0.39
0.00
0.00
0.00
0.00
0.00
0.00
0.00
0.00
0.00
0.00
0.00
0.00
0.00
0.00
0.00
0.00
0.00
0.00
0.00
0.00
0.00
0.00
0.00
0.00
0.00
0.08
0.39
0.00
0.00
0.01
0.00
0.00
0.00
0.00
0.00
0.00
0.00
0.00
0.00
0.00
0.00
0.26
0.00
0.00
0.13
0.00
0.00
0.00
0.00
0.00
0.00
0.00
0.00
0.19
0.00
0.00
0.00
0.00
0.00
0.00
0.00
0.00
0.00
0.00
0.00
0.00
0.00
0.00
0.00
0.00
0.00
0.00
0.00
0.00
0.00
0.00
0.00
0.00
0.00
0.00
0.00
0.00
0.00
0.00
0.00
0.00
0.00
0.19
0.51
0.00
0.02
0.02
0.30
0.02
0.02
0.02
0.06
0.06
0.00
0.02
0.02
0.02
0.06
0.00
0.00
0.00
0.02
0.06
0.19
0.00
0.02
0.02
0.02
0.06
0.06
0.00
0.02
0.02
0.02
0.06
0.00
0.00
0.02
0.02
0.02
0.06
0.00
0.00
0.00
0.13
0.40
0.06
0.00
0.02
0.02
0.02
0.06
0.06
0.00
0.00
0.02
0.02
0.00
0.06
0.00
0.06
0.00
0.27
0.58
0.00
0.00
0.06
0.00
0.00
0.00
0.06
0.00
0.02
0.02
0.30
0.02
0.02
0.02
0.02
0.02
0.02
0.06
0.00
0.02
0.02
0.02
0.06
0.00
0.00
0.02
0.02
0.02
0.02
0.02
0.02
0.13
0.40
0.00
0.02
0.02
0.02
0.06
0.00
0.06
0.16
0.00
0.03
0.06
0.00
0.00
0.02
0.00
0.00
0.00
0.00
0.00
0.09
0.37
0.00
0.02
0.02
0.00
0.02
0.23
0.00
0.02
0.02
0.02
0.00
0.13
0.02
0.00
0.00
0.00
0.02
0.02
0.06
0.00
0.00
0.00
0.02
0.02
0.06
0.00
0.06
0.37
0.00
0.00
0.13
0.00
0.0